[wavecal/Feige110.0038b.fits] 1 2048 150.00 1.354  2539.279  6253.396 
 2564.28   1.6677E-13   50.000        351.9
 2619.28   1.7868E-13   50.000       150.07
 2674.28   1.9161E-13   50.000       228.38
 2729.28   2.0565E-13   50.000        278.2
 2784.28   2.2089E-13   50.000      -24.389
 2839.28   2.3745E-13   50.000       255.66
 2894.28   2.5544E-13   50.000       189.87
 2949.28   2.7499E-13   50.000        55.15
 3004.28   2.9623E-13   50.000       450.84
 3059.28   3.1931E-13   50.000       125.81
 3114.28   3.4438E-13   50.000       298.99
 3169.28   3.7154E-13   50.000       646.01
 3224.28   4.0048E-13   50.000       1253.2
 3279.28   4.0821E-13   50.000       5099.7
 3334.28   3.9335E-13   50.000       20607.
 3389.28   3.7070E-13   50.000       57092.
 3444.28   3.4821E-13   50.000      101975.
 3499.28   3.2725E-13   50.000      155050.
 3554.28   3.1050E-13   50.000      189658.
 3609.28   2.8956E-13   50.000      243178.
 3664.28   2.7687E-13   50.000      269361.
 3719.28   2.6549E-13   50.000      313760.
 3774.28   2.5288E-13   50.000      350340.
 3829.28   2.4739E-13   50.000      417618.
 3867.85   2.3834E-13   26.732      255968.
 3939.28   2.0606E-13   50.000      533736.
 3999.67   2.0822E-13   39.637      443816.
 4049.28   2.0711E-13   50.000      589141.
 4159.28   1.8670E-13   50.000      618308.
 4214.28   1.7821E-13   50.000      624790.
 4269.28   1.6947E-13   50.000      625411.
 4379.28   1.4847E-13   50.000      628704.
 4434.28   1.4728E-13   50.000      635393.
 4489.28   1.3954E-13   50.000      618062.
 4544.28   1.3313E-13   50.000      610912.
 4599.28   1.2983E-13   50.000      606393.
 4654.28   1.2295E-13   50.000      595459.
 4709.28   1.1591E-13   50.000      576923.
 4764.28   1.1310E-13   50.000      577337.
 4819.28   1.0425E-13   50.000      558480.
 4929.28   9.7689E-14   50.000      542367.
 4984.28   9.4924E-14   50.000      526872.
 5039.28   9.0390E-14   50.000      501580.
 5094.28   8.7352E-14   50.000      472013.
 5149.28   8.3036E-14   50.000      430684.
 5204.28   8.1151E-14   50.000      369927.
 5259.28   7.7224E-14   50.000      296057.
 5314.28   7.4819E-14   50.000      229667.
 5369.28   7.0814E-14   50.000      172340.
 5424.28   6.7576E-14   50.000      123162.
 5479.28   6.6119E-14   50.000       98160.
 5534.28   6.4411E-14   50.000       59510.
 5589.28   6.1703E-14   50.000       19666.
 5644.28   5.9227E-14   50.000       16429.
 5699.28   5.6383E-14   50.000       10892.
 5754.28   5.4702E-14   50.000        2494.
 5809.28   5.2594E-14   50.000       2364.9
 5864.28   5.0684E-14   50.000       1666.4
 5919.28   4.8631E-14   50.000        860.3
 5974.28   4.6555E-14   50.000       757.68
 6029.28   4.5175E-14   50.000       439.02
 6084.28   4.3634E-14   50.000       357.29
 6139.28   4.1784E-14   50.000       467.68
 6194.28   3.9816E-14   50.000        407.5
