[wavecal/Feige67.0028b.fits] 1 2048 150.00 1.117  2531.885  6256.444 
 2556.88   1.3777E-13   50.000      -13.663
 2611.88   1.5294E-13   50.000       16.114
 2666.88   1.6992E-13   50.000       2.9557
 2721.88   1.8891E-13   50.000      -83.435
 2776.88   2.1014E-13   50.000       1.8213
 2831.88   2.3386E-13   50.000       6.5933
 2886.88   2.6034E-13   50.000       3.9006
 2941.88   2.8984E-13   50.000      -63.418
 2996.88   3.2258E-13   50.000         30.7
 3051.88   3.5869E-13   50.000       52.603
 3106.88   3.9791E-13   50.000        35.31
 3161.88   4.3895E-13   50.000       31.936
 3216.88   4.7618E-13   50.000       52.992
 3271.88   4.7446E-13   50.000       207.18
 3326.88   4.5383E-13   50.000       454.76
 3381.88   4.3321E-13   50.000       923.78
 3436.88   4.0690E-13   50.000       1515.4
 3491.88   3.8238E-13   50.000       1920.2
 3546.88   3.6603E-13   50.000       3265.8
 3601.88   3.4126E-13   50.000       6209.4
 3656.88   3.2149E-13   50.000       9535.3
 3711.88   3.0523E-13   50.000       14492.
 3766.88   2.8751E-13   50.000       18287.
 3821.88   2.7093E-13   50.000       23390.
 3876.88   2.5286E-13   50.000       28764.
 3931.88   2.3575E-13   50.000       36123.
 3986.88   2.2939E-13   50.000       41278.
 4041.88   2.2416E-13   50.000       51504.
 4082.27   2.0708E-13   21.459       23912.
 4151.88   2.0235E-13   50.000       66488.
 4206.88   1.9119E-13   50.000       72957.
 4261.88   1.8242E-13   50.000       78109.
 4312.58   1.7118E-13   41.101       66900.
 4375.11   1.6024E-13   40.421       68377.
 4389.05   1.6239E-13    0.097       165.98
 4426.88   1.5850E-13   50.000       88116.
 4481.88   1.5000E-13   50.000       88459.
 4536.88   1.4092E-13   50.000       87395.
 4591.88   1.3538E-13   50.000       88600.
 4646.88   1.2979E-13   50.000       87369.
 4713.38   1.1893E-13   32.305       56403.
 4756.88   1.1680E-13   50.000       85017.
 4811.88   1.1002E-13   50.000       84812.
 4921.88   1.0193E-13   50.000       82099.
 4976.88   9.7779E-14   50.000       78402.
 5031.88   9.3375E-14   50.000       73729.
 5086.88   8.8864E-14   50.000       67631.
 5141.88   8.5059E-14   50.000       59490.
 5196.88   8.1598E-14   50.000       49734.
 5251.88   7.7580E-14   50.000       39235.
 5306.88   7.5022E-14   50.000       29558.
 5361.88   7.0594E-14   50.000       21725.
 5416.88   6.7476E-14   50.000       14501.
 5471.88   6.5814E-14   50.000       9368.6
 5526.88   6.3875E-14   50.000       5095.9
 5581.88   6.2148E-14   50.000       2479.6
 5636.88   5.9667E-14   50.000       1384.5
 5691.88   5.6768E-14   50.000       631.84
 5746.88   5.4974E-14   50.000       250.22
 5801.88   5.2882E-14   50.000       135.23
 5856.88   5.1249E-14   50.000       87.996
 5911.88   4.8794E-14   50.000       44.535
 5966.88   4.6731E-14   50.000       79.564
 6021.88   4.5310E-14   50.000     -0.23856
 6076.88   4.3386E-14   50.000     -0.13669
 6131.88   4.1026E-14   50.000       68.256
 6186.88   3.9553E-14   50.000       23.249
