[wavecal/Feige67.0028r.fits] 1 2048 150.00 1.117  5163.282  9862.927 
 5188.28   8.2129E-14   50.000        4720.
 5243.28   7.8122E-14   50.000       8824.4
 5298.28   7.5634E-14   50.000       13237.
 5353.28   7.1206E-14   50.000       16222.
 5408.28   6.7829E-14   50.000       19231.
 5463.28   6.6001E-14   50.000       22645.
 5518.28   6.4326E-14   50.000       26603.
 5573.28   6.2282E-14   50.000       29536.
 5628.28   6.0135E-14   50.000       30736.
 5683.28   5.7211E-14   50.000       31918.
 5738.28   5.5241E-14   50.000       32291.
 5793.28   5.3177E-14   50.000       32190.
 5848.28   5.1626E-14   50.000       32257.
 5903.28   4.9169E-14   50.000       33617.
 5958.28   4.6930E-14   50.000       35593.
 6013.28   4.5573E-14   50.000       35732.
 6068.28   4.3713E-14   50.000       36517.
 6123.28   4.1429E-14   50.000       35851.
 6178.28   3.9703E-14   50.000       34435.
 6233.28   3.8113E-14   50.000       32788.
 6288.28   3.6570E-14   50.000       30669.
 6343.28   3.5529E-14   50.000       31445.
 6398.28   3.4568E-14   50.000       33361.
 6453.28   3.2697E-14   50.000       34858.
 6508.28   3.1544E-14   50.000       34443.
 6618.28   3.0217E-14   50.000       33681.
 6673.28   2.9657E-14   50.000       33847.
 6728.28   2.8880E-14   50.000       33007.
 6783.28   2.8322E-14   50.000       32975.
 6838.28   2.6679E-14   50.000       31588.
 6893.28   2.4860E-14   50.000       27279.
 6948.28   2.5271E-14   50.000       29610.
 7003.28   2.4892E-14   50.000       29658.
 7058.28   2.4484E-14   50.000       29807.
 7168.28   2.2540E-14   50.000       26161.
 7223.28   2.1145E-14   50.000       25736.
 7278.28   2.0826E-14   50.000       25235.
 7333.28   2.1053E-14   50.000       25097.
 7388.28   2.1008E-14   50.000       25285.
 7443.28   2.0318E-14   50.000       24979.
 7498.28   1.9988E-14   50.000       24181.
 7553.28   1.9646E-14   50.000       23964.
 7718.28   1.8258E-14   50.000       21381.
 7773.28   1.7535E-14   50.000       21150.
 7828.28   1.7038E-14   50.000       20196.
 7883.28   1.6712E-14   50.000       18777.
 7938.28   1.6167E-14   50.000       17812.
 7989.02   1.6179E-14   39.379       13739.
 8048.28   1.5409E-14   50.000       16698.
 8103.28   1.4880E-14   50.000       16383.
 8158.28   1.4627E-14   50.000       14786.
 8213.28   1.4466E-14   50.000       14201.
 8268.28   1.4331E-14   50.000       14240.
 8323.28   1.4192E-14   50.000       13543.
 8378.28   1.4035E-14   50.000       13217.
 8433.28   1.3853E-14   50.000       12619.
 8488.28   1.3641E-14   50.000       11909.
 8543.28   1.3397E-14   50.000       11239.
 8598.28   1.3121E-14   50.000       10649.
 8653.28   1.2838E-14   50.000       10266.
 8708.28   1.2887E-14   50.000       9782.1
 8763.28   1.2597E-14   50.000       9248.7
 8818.28   1.2428E-14   50.000       8505.1
 8873.28   1.2325E-14   50.000       7869.2
 8928.28   1.1933E-14   50.000       7316.5
 8983.28   1.1573E-14   50.000        6062.
 9038.28   1.1239E-14   50.000        6319.
 9093.28   1.0929E-14   50.000       5444.6
 9148.28   1.0637E-14   50.000       4992.7
 9203.28   1.0360E-14   50.000       5120.9
 9258.28   1.0096E-14   50.000       4557.9
 9313.28   9.8406E-15   50.000        2829.
 9368.28   9.5919E-15   50.000       2439.3
 9423.28   9.3474E-15   50.000       2354.4
 9478.28   9.1049E-15   50.000       1974.3
 9533.28   8.8626E-15   50.000       1899.4
 9588.28   8.6185E-15   50.000       1810.1
 9643.28   8.3714E-15   50.000        1734.
 9698.28   8.1199E-15   50.000       1723.1
 9753.28   7.8676E-15   50.000       1475.6
 9808.28   7.6813E-15   50.000       1290.9
