      2980.00      2.84616
      3005.00      2.50872
      3030.00      2.20848
      3055.00      1.94126
      3080.00      1.70745
      3105.00      1.51826
      3130.00      1.35833
      3155.00      1.15734
      3180.00      1.01678
      3205.00     0.916329
      3230.00     0.846652
      3255.00     0.793058
      3280.00     0.751056
      3305.00     0.712291
      3330.00     0.678913
      3355.00     0.651860
      3380.00     0.633220
      3405.00     0.616234
      3430.00     0.605182
      3455.00     0.589186
      3480.00     0.562067
      3505.00     0.534542
      3530.00     0.515350
      3555.00     0.502683
      3580.00     0.493066
      3605.00     0.483533
      3630.00     0.471733
      3655.00     0.458900
      3680.00     0.446052
      3705.00     0.434489
      3730.00     0.424652
      3755.00     0.416335
      3780.00     0.408715
      3805.00     0.400991
      3830.00     0.392697
      3855.00     0.383693
      3880.00     0.373691
      3905.00     0.363021
      3930.00     0.351404
      3955.00     0.339464
      3980.00     0.327948
      4005.00     0.317571
      4030.00     0.308589
      4055.00     0.300684
      4080.00     0.293546
      4105.00     0.286597
      4130.00     0.279973
      4155.00     0.273389
      4180.00     0.266983
      4205.00     0.261167
      4230.00     0.255657
      4255.00     0.250449
      4280.00     0.245537
      4305.00     0.240512
      4330.00     0.235645
      4355.00     0.230531
      4380.00     0.225575
      4405.00     0.220642
      4430.00     0.215598
      4455.00     0.210841
      4480.00     0.206105
      4505.00     0.201651
      4530.00     0.197475
      4555.00     0.193446
      4580.00     0.189690
      4605.00     0.186075
      4630.00     0.182473
      4655.00     0.179010
      4680.00     0.175814
      4705.00     0.172882
      4730.00     0.170212
      4755.00     0.167801
      4780.00     0.165396
      4805.00     0.162997
      4830.00     0.160602
      4855.00     0.158339
      4880.00     0.156080
      4905.00     0.153951
      4930.00     0.152076
      4955.00     0.150453
      4980.00     0.148833
      5005.00     0.147464
      5030.00     0.146221
      5055.00     0.144980
      5080.00     0.143864
      5105.00     0.142749
      5130.00     0.141635
      5155.00     0.140646
      5180.00     0.139534
      5205.00     0.138423
      5230.00     0.137191
      5255.00     0.136082
      5280.00     0.134852
      5305.00     0.133624
      5330.00     0.132396
      5355.00     0.131293
      5380.00     0.130313
      5405.00     0.129334
      5430.00     0.128356
      5455.00     0.127623
      5480.00     0.126891
      5505.00     0.126281
      5530.00     0.125671
      5555.00     0.125184
      5580.00     0.124818
      5605.00     0.124453
      5630.00     0.124088
      5655.00     0.123723
      5680.00     0.123358
      5705.00     0.122993
      5730.00     0.122507
      5755.00     0.121899
      5780.00     0.121049
      5805.00     0.120200
      5830.00     0.118988
      5855.00     0.117656
      5880.00     0.116084
      5905.00     0.114273
      5930.00     0.112224
      5955.00     0.109939
      5980.00     0.107539
      6005.00     0.104905
      6030.00     0.102039
      6055.00    0.0990609
      6080.00    0.0960913
      6105.00    0.0932482
      6130.00    0.0906484
      6155.00    0.0881727
      6180.00    0.0860551
      6205.00    0.0842936
      6230.00    0.0828864
      6255.00    0.0817152
      6280.00    0.0805452
      6305.00    0.0794933
      6330.00    0.0782091
      6355.00    0.0769263
      6380.00    0.0756451
      6405.00    0.0744816
      6430.00    0.0734356
      6455.00    0.0725066
      6480.00    0.0714625
      6505.00    0.0703034
      6530.00    0.0689143
      6555.00    0.0677581
      6580.00    0.0671804
      6605.00    0.0674114
      6630.00    0.0687986
      6655.00    0.0711146
      6680.00    0.0730871
      6705.00    0.0735518
      6730.00    0.0711146
      6755.00    0.0647575
      6780.00    0.0566057
      6805.00    0.0563769
      6830.00    0.0748305
      6855.00     0.107539
      6880.00     0.131171
      6905.00     0.127379
      6930.00     0.104427
      6955.00    0.0775092
      6980.00    0.0614205
      7005.00    0.0598132
      7030.00    0.0487417
      7055.00    0.0320637
      7080.00    0.0190581
      7105.00    0.0189476
      7130.00    0.0410471
      7155.00    0.0914750
      7180.00     0.132765
      7205.00     0.117535
      7230.00    0.0926568
      7255.00    0.0911207
      7280.00    0.0960913
      7305.00    0.0875840
      7330.00    0.0630302
      7355.00    0.0551197
      7380.00    0.0561483
      7405.00    0.0543204
      7430.00    0.0521538
      7455.00    0.0516983
      7480.00    0.0547771
      7505.00    0.0615354
      7530.00    0.0653339
      7555.00    0.0576356
      7580.00    0.0638359
      7605.00     0.768764
      7630.00     0.460060
      7655.00     0.250585
      7680.00    0.0522677
      7705.00    0.0490824
      7730.00    0.0440957
      7755.00    0.0426268
      7780.00    0.0437566
      7805.00    0.0462463
      7830.00    0.0489688
      7855.00    0.0510152
      7880.00    0.0510152
      7905.00    0.0480605
      7930.00    0.0418366
      7955.00    0.0339665
      7980.00    0.0261530
      8005.00    0.0203849
      8030.00    0.0182849
      8055.00    0.0218241
      8080.00    0.0328468
      8105.00    0.0529515
      8130.00    0.0805452
      8155.00     0.105383
      8180.00     0.122750
      8205.00     0.132274
      8230.00     0.133501
      8255.00     0.126281
      8280.00     0.110420
      8305.00    0.0855851
      8330.00    0.0576356
      8355.00    0.0453403
      8380.00    0.0470397
      8405.00    0.0480605
      8430.00    0.0484011
      8455.00    0.0482876
      8480.00    0.0478336
      8505.00    0.0470397
      8530.00    0.0461330
      8555.00    0.0452270
      8580.00    0.0445481
      8605.00    0.0440957
      8630.00    0.0439826
      8655.00    0.0444350
      8680.00    0.0451139
      8705.00    0.0459065
      8730.00    0.0468130
      8755.00    0.0476067
      8780.00    0.0480605
      8805.00    0.0481740
      8830.00    0.0476067
      8855.00    0.0463596
      8880.00    0.0443219
      8905.00    0.0453403
      8930.00    0.0771594
      8955.00     0.123723
      8980.00     0.157711
      9005.00     0.159596
      9030.00     0.140398
      9055.00     0.119109
      9080.00     0.111984
      9105.00     0.116809
      9130.00     0.122750
      9155.00     0.118988
      9180.00    0.0978721
      9205.00    0.0727388
      9230.00    0.0663721
      9255.00     0.102039
      9280.00     0.196434
      9305.00     0.320922
      9330.00     0.426419
      9355.00     0.463715
      9380.00     0.419686
      9405.00     0.359991
      9430.00     0.359084
      9455.00     0.403349
      9480.00     0.386790
      9505.00     0.354560
      9530.00     0.364691
      9555.00     0.349005
      9580.00     0.298824
      9605.00     0.252776
      9630.00     0.202043
      9655.00     0.142996
      9680.00    0.0964472
      9705.00    0.0842936
      9730.00     0.107299
      9755.00     0.120806
      9780.00     0.108979
      9805.00    0.0832381
      9830.00    0.0556910
      9855.00    0.0384567
      9880.00    0.0380068
      9905.00    0.0395822
      9930.00    0.0409343
      9955.00    0.0422881
      9980.00    0.0435306
      10005.0    0.0446613
      10030.0    0.0456799
      10055.0    0.0466996
      10080.0    0.0474933
      10105.0    0.0482876
      10130.0    0.0489688
      10155.0    0.0496506
      10180.0    0.0501052
      10205.0    0.0505601
      10230.0    0.0510152
      10255.0    0.0512429
      10280.0    0.0514705
      10305.0    0.0516983
      10330.0    0.0518121
      10355.0    0.0518121
      10380.0    0.0518121
      10405.0    0.0516983
      10430.0    0.0515844
      10455.0    0.0514705
      10480.0    0.0512429
      10505.0    0.0510152
      10530.0    0.0506739
      10555.0    0.0503327
      10580.0    0.0498779
      10605.0    0.0495369
      10630.0    0.0490824
      10655.0    0.0485146
      10680.0    0.0480605
      10705.0    0.0474933
      10730.0    0.0469263
      10755.0    0.0463596
      10780.0    0.0457932
      10805.0    0.0451139
      10830.0    0.0445481
      10855.0    0.0438696
      10880.0    0.0433045
      10905.0    0.0426268
      10930.0    0.0419494
      10955.0    0.0413854
      10980.0    0.0407088
      11005.0    0.0400327
      11030.0    0.0394696
      11055.0    0.0389068
      11080.0    0.0382318
      11105.0    0.0376696
      11130.0    0.0371077
      11155.0    0.0365461
      11180.0    0.0360970
      11205.0    0.0356481
      11230.0    0.0350873
