[wavecal/Feige110.0038r.fits] 1 2048 150.00 1.354  5153.056  9853.342 
 5178.06   8.2133E-14   50.000       27969.
 5233.06   7.8868E-14   50.000       53789.
 5288.06   7.6076E-14   50.000       85373.
 5343.06   7.3261E-14   50.000      118006.
 5398.06   6.7701E-14   50.000      144916.
 5453.06   6.7496E-14   50.000      164048.
 5508.06   6.4906E-14   50.000      186286.
 5563.06   6.3281E-14   50.000      223918.
 5618.06   6.0322E-14   50.000      242661.
 5673.06   5.7750E-14   50.000      235500.
 5728.06   5.5525E-14   50.000      241380.
 5783.06   5.3588E-14   50.000      254116.
 5838.06   5.1528E-14   50.000      251602.
 5893.06   5.0007E-14   50.000      242388.
 5948.06   4.6805E-14   50.000      257833.
 6003.06   4.6299E-14   50.000      271538.
 6058.06   4.4156E-14   50.000      270220.
 6113.06   4.2758E-14   50.000      269145.
 6168.06   4.0742E-14   50.000      264021.
 6223.06   3.9638E-14   50.000      251185.
 6278.06   3.7914E-14   50.000      233504.
 6333.06   3.6500E-14   50.000      228227.
 6388.06   3.6030E-14   50.000      234825.
 6443.06   3.4498E-14   50.000      246716.
 6498.06   3.3555E-14   50.000      252269.
 6608.06   3.1684E-14   50.000      251028.
 6663.06   3.1572E-14   50.000      244277.
 6718.06   3.0492E-14   50.000      242392.
 6773.06   2.9808E-14   50.000      238309.
 6828.06   2.8577E-14   50.000      232198.
 6938.06   2.6706E-14   50.000      209846.
 6993.06   2.6197E-14   50.000      213622.
 7048.06   2.5504E-14   50.000      212943.
 7103.06   2.5066E-14   50.000      210555.
 7158.06   2.3387E-14   50.000      197595.
 7213.06   2.1717E-14   50.000      188261.
 7268.06   2.1601E-14   50.000      180474.
 7323.06   2.1545E-14   50.000      179232.
 7378.06   2.1336E-14   50.000      177431.
 7433.06   2.0974E-14   50.000      174420.
 7488.06   2.0459E-14   50.000      172257.
 7543.06   1.9928E-14   50.000      167742.
 7708.06   1.8195E-14   50.000      157870.
 7763.06   1.7803E-14   50.000      152799.
 7818.06   1.7441E-14   50.000      143317.
 7873.06   1.6854E-14   50.000      134280.
 7928.06   1.6346E-14   50.000      129333.
 7978.32   1.6192E-14   39.242       98011.
 8038.06   1.5561E-14   50.000      118958.
 8093.06   1.4948E-14   50.000      114192.
 8148.06   1.4664E-14   50.000      102405.
 8203.06   1.4493E-14   50.000       99722.
 8258.06   1.4355E-14   50.000       98796.
 8313.06   1.4219E-14   50.000       95128.
 8368.06   1.4066E-14   50.000       94591.
 8423.06   1.3889E-14   50.000       89051.
 8478.06   1.3682E-14   50.000       85678.
 8533.06   1.3445E-14   50.000       80690.
 8588.06   1.3175E-14   50.000       77274.
 8643.06   1.2876E-14   50.000       72922.
 8698.06   1.2819E-14   50.000       68629.
 8753.06   1.2419E-14   50.000       64471.
 8808.06   1.2141E-14   50.000       61631.
 8863.06   1.1896E-14   50.000       55851.
 8918.06   1.1748E-14   50.000       51932.
 8973.06   1.1583E-14   50.000       44284.
 9028.06   1.1407E-14   50.000       40221.
 9083.06   1.1220E-14   50.000       38853.
 9128.77   1.1055E-14   30.946       21969.
 9193.06   1.0807E-14   50.000       33691.
 9248.06   1.0578E-14   50.000       33229.
 9303.06   1.0331E-14   50.000       22024.
 9358.06   1.0065E-14   50.000       14470.
 9413.06   9.7778E-15   50.000       17997.
 9468.06   9.4666E-15   50.000       15041.
 9523.06   9.1285E-15   50.000       13200.
 9578.06   8.7605E-15   50.000       12686.
 9633.06   8.3588E-15   50.000       12979.
 9688.06   7.9194E-15   50.000       12879.
 9743.06   7.4416E-15   50.000       10676.
 9798.06   7.5751E-15   50.000        9842.
